time	V(n003)
0.000000000000000e+000	-1.817438e+000
7.200000000014822e-010	-1.817989e+000
1.440000000002964e-009	-1.818263e+000
2.160000000004447e-009	-1.818259e+000
2.880000000005929e-009	-1.817977e+000
3.600000000007411e-009	-1.817417e+000
4.320000000008893e-009	-1.816580e+000
5.040000000010374e-009	-1.815465e+000
8.999999999999406e-009	-1.807568e+000
9.395999999999325e-009	-1.806478e+000
9.092801785712232e-008	-1.553901e+000
1.724600357142453e-007	-1.309890e+000
2.539920535713683e-007	-1.074445e+000
3.355240714284913e-007	-8.475674e-001
4.170560892856143e-007	-6.292557e-001
4.985881071427373e-007	-4.195104e-001
5.801201249998600e-007	-2.183315e-001
6.126718828123600e-007	-1.398307e-001
6.452236406248600e-007	-6.251090e-002
6.777753984373600e-007	1.364579e-002
7.103271562498599e-007	8.865684e-002
7.428789140623599e-007	1.625395e-001
8.079824296873599e-007	3.069872e-001
8.730859453123598e-007	4.471216e-001
9.707412187498597e-007	6.495166e-001
1.071349616071308e-006	8.476219e-001
1.171958013392756e-006	1.037622e+000
1.272566410714204e-006	1.219517e+000
1.373174808035652e-006	1.393307e+000
1.473783205357101e-006	1.558992e+000
1.574391602678549e-006	1.716572e+000
1.674999999999997e-006	1.866046e+000
1.678087109376227e-006	1.867561e+000
1.684999999999998e-006	1.857316e+000
1.770195200888080e-006	1.591713e+000
1.855390401776162e-006	1.335483e+000
1.940585602664243e-006	1.088624e+000
2.025780803552325e-006	8.511370e-001
2.110976004440407e-006	6.230220e-001
2.196171205328488e-006	4.042788e-001
2.281366406216570e-006	1.949075e-001
2.313918164029070e-006	1.167592e-001
2.346469921841570e-006	3.978642e-002
2.379021679654070e-006	-3.602842e-002
2.411573437466570e-006	-1.107028e-001
2.444125195279070e-006	-1.842538e-001
2.509228710904069e-006	-3.280530e-001
2.574332226529069e-006	-4.675584e-001
2.671987499966569e-006	-6.690450e-001
2.766274999971345e-006	-8.542449e-001
2.860562499976121e-006	-1.032289e+000
2.954849999980896e-006	-1.203177e+000
3.049137499985671e-006	-1.366909e+000
3.143424999990447e-006	-1.523485e+000
3.237712499995223e-006	-1.672904e+000
3.331999999999998e-006	-1.815168e+000
3.334999999999998e-006	-1.816589e+000
3.342000000000000e-006	-1.806488e+000
3.423661160714289e-006	-1.553520e+000
3.505322321428578e-006	-1.309144e+000
3.586983482142868e-006	-1.073359e+000
3.668644642857157e-006	-8.461673e-001
3.750305803571447e-006	-6.275672e-001
3.831966964285736e-006	-4.175590e-001
3.913628125000026e-006	-2.161427e-001
3.946179882812526e-006	-1.376749e-001
3.978731640625026e-006	-6.038753e-002
4.011283398437526e-006	1.573722e-002
4.043835156250026e-006	9.071680e-002
4.076386914062526e-006	1.645684e-001
4.141490429687526e-006	3.089556e-001
4.206593945312526e-006	4.490312e-001
4.304249218750026e-006	6.513413e-001
4.404785044642879e-006	8.492253e-001
4.505320870535732e-006	1.039018e+000
4.605856696428585e-006	1.220720e+000
4.706392522321438e-006	1.394332e+000
4.806928348214290e-006	1.559852e+000
4.907464174107144e-006	1.717281e+000
5.007999999999997e-006	1.866620e+000
5.011087109376227e-006	1.868134e+000
5.017999999999998e-006	1.857887e+000
5.103195200888080e-006	1.592262e+000
5.188390401776163e-006	1.336010e+000
5.273585602664245e-006	1.089131e+000
5.358780803552327e-006	8.516240e-001
5.443976004440409e-006	6.234900e-001
5.529171205328491e-006	4.047286e-001
5.614366406216573e-006	1.953399e-001
5.646918164029073e-006	1.171850e-001
5.679469921841573e-006	4.020586e-002
5.712021679654073e-006	-3.561529e-002
5.744573437466573e-006	-1.102958e-001
5.777125195279073e-006	-1.838530e-001
5.842228710904073e-006	-3.276642e-001
5.907332226529073e-006	-4.671812e-001
6.004987499966573e-006	-6.686845e-001
6.099274999971348e-006	-8.538999e-001
6.193562499976123e-006	-1.031959e+000
6.287849999980898e-006	-1.202861e+000
6.382137499985673e-006	-1.366606e+000
6.476424999990448e-006	-1.523195e+000
6.570712499995223e-006	-1.672627e+000
6.664999999999998e-006	-1.814903e+000
6.667999999999998e-006	-1.816324e+000
6.675000000000000e-006	-1.806224e+000
6.756661160714289e-006	-1.553266e+000
6.838322321428579e-006	-1.308899e+000
6.919983482142868e-006	-1.073124e+000
7.001644642857158e-006	-8.459408e-001
7.083305803571447e-006	-6.273491e-001
7.164966964285736e-006	-4.173490e-001
7.246628125000026e-006	-2.159406e-001
7.279179882812526e-006	-1.374758e-001
7.311731640625026e-006	-6.019139e-002
7.344283398437526e-006	1.593041e-002
7.376835156250026e-006	9.090709e-002
7.409386914062526e-006	1.647559e-001
7.474490429687526e-006	3.091374e-001
7.539593945312526e-006	4.492076e-001
7.637249218750026e-006	6.515099e-001
7.737785044642878e-006	8.493861e-001
7.838320870535732e-006	1.039172e+000
7.938856696428584e-006	1.220867e+000
8.039392522321438e-006	1.394471e+000
8.139928348214291e-006	1.559985e+000
8.240464174107145e-006	1.717408e+000
8.340999999999997e-006	1.866741e+000
8.344087109376228e-006	1.868255e+000
8.350999999999999e-006	1.858008e+000
8.436195200888080e-006	1.592378e+000
8.521390401776162e-006	1.336122e+000
8.606585602664244e-006	1.089238e+000
8.691780803552326e-006	8.517271e-001
8.776976004440406e-006	6.235891e-001
8.862171205328488e-006	4.048239e-001
8.947366406216570e-006	1.954315e-001
8.979918164029070e-006	1.172752e-001
9.012469921841570e-006	4.029471e-002
9.045021679654070e-006	-3.552778e-002
9.077573437466570e-006	-1.102097e-001
9.110125195279070e-006	-1.837681e-001
9.175228710904070e-006	-3.275819e-001
9.240332226529070e-006	-4.671013e-001
9.337987499966570e-006	-6.686082e-001
9.432274999971344e-006	-8.538268e-001
9.526562499976121e-006	-1.031889e+000
9.620849999980896e-006	-1.202794e+000
9.715137499985672e-006	-1.366542e+000
9.809424999990447e-006	-1.523134e+000
9.903712499995223e-006	-1.672569e+000
9.997999999999998e-006	-1.814847e+000
1.000100000000000e-005	-1.816268e+000
1.000800000000000e-005	-1.806168e+000
1.008966116071429e-005	-1.553212e+000
1.017132232142858e-005	-1.308847e+000
1.025298348214287e-005	-1.073074e+000
1.033464464285716e-005	-8.458928e-001
1.041630580357145e-005	-6.273029e-001
1.049796696428574e-005	-4.173045e-001
1.057962812500003e-005	-2.158977e-001
1.061217988281253e-005	-1.374336e-001
1.064473164062503e-005	-6.014984e-002
1.067728339843753e-005	1.597133e-002
1.070983515625003e-005	9.094740e-002
1.074238691406253e-005	1.647956e-001
1.080749042968753e-005	3.091759e-001
1.087259394531253e-005	4.492450e-001
1.097024921875003e-005	6.515456e-001
1.107078504464288e-005	8.494202e-001
1.117132087053573e-005	1.039204e+000
1.127185669642858e-005	1.220898e+000
1.137239252232144e-005	1.394501e+000
1.147292834821429e-005	1.560013e+000
1.157346417410715e-005	1.717435e+000
1.167400000000000e-005	1.866767e+000
1.167708710937623e-005	1.868280e+000
1.168400000000000e-005	1.858033e+000
1.176919520088808e-005	1.592403e+000
1.185439040177616e-005	1.336145e+000
1.193958560266424e-005	1.089261e+000
1.202478080355233e-005	8.517490e-001
1.210997600444041e-005	6.236101e-001
1.219517120532849e-005	4.048440e-001
1.228036640621657e-005	1.954509e-001
1.231291816402907e-005	1.172943e-001
1.234546992184157e-005	4.031353e-002
1.237802167965407e-005	-3.550924e-002
1.241057343746657e-005	-1.101914e-001
1.244312519527907e-005	-1.837501e-001
1.250822871090407e-005	-3.275644e-001
1.257333222652907e-005	-4.670844e-001
1.267098749996657e-005	-6.685920e-001
1.276527499997135e-005	-8.538113e-001
1.285956249997612e-005	-1.031874e+000
1.295384999998090e-005	-1.202780e+000
1.304813749998567e-005	-1.366529e+000
1.314242499999045e-005	-1.523121e+000
1.323671249999522e-005	-1.672556e+000
1.333100000000000e-005	-1.814835e+000
1.333400000000000e-005	-1.816256e+000
1.334100000000000e-005	-1.806156e+000
1.342266116071429e-005	-1.553200e+000
1.350432232142858e-005	-1.308836e+000
1.358598348214287e-005	-1.073064e+000
1.366764464285716e-005	-8.458826e-001
1.374930580357145e-005	-6.272931e-001
1.383096696428574e-005	-4.172951e-001
1.391262812500003e-005	-2.158887e-001
1.394517988281254e-005	-1.374247e-001
1.397773164062504e-005	-6.014104e-002
1.401028339843754e-005	1.598000e-002
1.404283515625005e-005	9.095594e-002
1.407538691406255e-005	1.648040e-001
1.414049042968756e-005	3.091840e-001
1.420559394531256e-005	4.492529e-001
1.430324921875007e-005	6.515532e-001
1.440378504464292e-005	8.494274e-001
1.450432087053577e-005	1.039211e+000
1.460485669642861e-005	1.220904e+000
1.470539252232146e-005	1.394507e+000
1.480592834821430e-005	1.560019e+000
1.490646417410715e-005	1.717441e+000
1.500700000000000e-005	1.866772e+000
1.501008710937602e-005	1.868286e+000
1.501700000000000e-005	1.858039e+000
1.510219520088889e-005	1.592408e+000
1.518739040177778e-005	1.336150e+000
1.527258560266667e-005	1.089266e+000
1.535778080355556e-005	8.517536e-001
1.544297600444445e-005	6.236145e-001
1.552817120533333e-005	4.048483e-001
1.561336640622222e-005	1.954550e-001
1.564591816403473e-005	1.172984e-001
1.567846992184723e-005	4.031752e-002
1.571102167965973e-005	-3.550532e-002
1.574357343747224e-005	-1.101875e-001
1.577612519528474e-005	-1.837463e-001
1.584122871090975e-005	-3.275607e-001
1.590633222653475e-005	-4.670808e-001
1.600398749997226e-005	-6.685886e-001
1.609827499997623e-005	-8.538080e-001
1.619256249998019e-005	-1.031871e+000
1.628684999998415e-005	-1.202777e+000
1.638113749998811e-005	-1.366526e+000
1.647542499999208e-005	-1.523118e+000
1.656971249999604e-005	-1.672554e+000
1.666400000000000e-005	-1.814833e+000
1.666610000000000e-005	-1.816773e+000
1.666700000000000e-005	-1.#IND00e+000
