time	V(n002)
0.000000000000000e+000	0.000000e+000
9.142857249701465e-007	6.841092e-005
1.828571449940293e-006	2.618776e-004
2.742857174910440e-006	5.803999e-004
3.657142899880586e-006	1.023978e-003
4.571428624850732e-006	1.592612e-003
5.485714349820879e-006	2.286301e-003
6.400000074791024e-006	3.105046e-003
1.280000014958205e-005	1.134604e-002
2.171271554682697e-005	2.940116e-002
3.147834054682697e-005	5.722824e-002
4.124396554682697e-005	9.274768e-002
5.100959054682697e-005	1.348235e-001
6.077521554682698e-005	1.820824e-001
7.054084054682698e-005	2.331422e-001
8.030646554682697e-005	2.866260e-001
9.007209054682697e-005	3.411772e-001
9.983771554682696e-005	3.954744e-001
1.096033405468270e-004	4.482469e-001
1.193689655468270e-004	4.982889e-001
1.291345905468270e-004	5.444744e-001
1.389002155468270e-004	5.857699e-001
1.486658405468270e-004	6.212470e-001
1.584314655468270e-004	6.500936e-001
1.681970905468270e-004	6.716231e-001
1.779627155468270e-004	6.852825e-001
1.877283405468270e-004	6.906586e-001
1.974939655468270e-004	6.874821e-001
2.072595905468270e-004	6.756298e-001
2.170252155468270e-004	6.551251e-001
2.267908405468270e-004	6.261357e-001
2.365564655468270e-004	5.889703e-001
2.463220905468270e-004	5.440722e-001
2.560877155468270e-004	4.920119e-001
2.658533405468270e-004	4.334774e-001
2.756189655468271e-004	3.692628e-001
2.853845905468271e-004	3.002557e-001
2.951502155468271e-004	2.274233e-001
3.049158405468271e-004	1.517967e-001
3.146814655468271e-004	7.445498e-002
3.244470905468271e-004	-3.491428e-003
3.342127155468271e-004	-8.091809e-002
3.439783405468271e-004	-1.567039e-001
3.537439655468271e-004	-2.297486e-001
3.635095905468271e-004	-2.991478e-001
3.720932197320503e-004	-3.561411e-001
3.814191975176272e-004	-4.128716e-001
3.911848225176272e-004	-4.660201e-001
4.009504475176272e-004	-5.119885e-001
4.107160725176272e-004	-5.500393e-001
4.204816975176272e-004	-5.796202e-001
4.302473225176272e-004	-6.003048e-001
4.400129475176272e-004	-6.117985e-001
4.497785725176272e-004	-6.139435e-001
4.595441975176272e-004	-6.067210e-001
4.693098225176273e-004	-5.902523e-001
4.790754475176273e-004	-5.647963e-001
4.888410725176273e-004	-5.307460e-001
4.986066975176273e-004	-4.886227e-001
5.083723225176273e-004	-4.390685e-001
5.181379475176273e-004	-3.828363e-001
5.279035725176273e-004	-3.207787e-001
5.376691975176273e-004	-2.538355e-001
5.474348225176273e-004	-1.830191e-001
5.572004475176273e-004	-1.093999e-001
5.669660725176273e-004	-3.408986e-002
5.767316975176274e-004	4.177415e-002
5.864973225176274e-004	1.170472e-001
5.962629475176274e-004	1.905936e-001
6.060285725176274e-004	2.613040e-001
6.157941975176274e-004	3.283720e-001
6.236459414780276e-004	3.787723e-001
6.319966804851648e-004	4.279244e-001
6.417623054851648e-004	4.794368e-001
6.515279304851648e-004	5.239778e-001
6.612935554851648e-004	5.606561e-001
6.710591804851648e-004	5.889183e-001
6.808248054851648e-004	6.083378e-001
6.905904304851648e-004	6.186210e-001
7.003560554851648e-004	6.196120e-001
7.101216804851648e-004	6.112947e-001
7.198873054851648e-004	5.937933e-001
7.296529304851648e-004	5.673699e-001
7.394185554851649e-004	5.324212e-001
7.491841804851649e-004	4.894720e-001
7.589498054851649e-004	4.391676e-001
7.687154304851649e-004	3.822640e-001
7.784810554851649e-004	3.196165e-001
7.882466804851649e-004	2.521668e-001
7.980123054851649e-004	1.809289e-001
8.077779304851649e-004	1.069740e-001
8.175435554851649e-004	3.141396e-002
8.273091804851649e-004	-4.461510e-002
8.370748054851649e-004	-1.199699e-001
8.468404304851650e-004	-1.935175e-001
8.566060554851650e-004	-2.641517e-001
8.663716804851650e-004	-3.310245e-001
8.745862462703230e-004	-3.835667e-001
8.823462142345184e-004	-4.290442e-001
8.921118392345184e-004	-4.803046e-001
9.018774642345184e-004	-5.246547e-001
9.116430892345184e-004	-5.611128e-001
9.214087142345184e-004	-5.891305e-001
9.311743392345184e-004	-6.082866e-001
9.409399642345184e-004	-6.182929e-001
9.507055892345184e-004	-6.189991e-001
9.604712142345184e-004	-6.103944e-001
9.702368392345184e-004	-5.926085e-001
9.800024642345185e-004	-5.659087e-001
9.897680892345185e-004	-5.306969e-001
9.995337142345185e-004	-4.875025e-001
1.009299339234519e-003	-4.369754e-001
1.019064964234519e-003	-3.798755e-001
1.028830589234519e-003	-3.170617e-001
1.038596214234519e-003	-2.494788e-001
1.048361839234519e-003	-1.781434e-001
1.058127464234519e-003	-1.041283e-001
1.067893089234519e-003	-2.854682e-002
1.077658714234519e-003	4.746413e-002
1.087424339234519e-003	1.227613e-001
1.097189964234519e-003	1.962121e-001
1.106955589234519e-003	2.667119e-001
1.116721214234519e-003	3.333853e-001
1.125155368523603e-003	3.871252e-001
1.132752989384053e-003	4.314308e-001
1.142518614384053e-003	4.823701e-001
1.152284239384053e-003	5.263976e-001
1.162049864384053e-003	5.625084e-001
1.171815489384053e-003	5.901592e-001
1.181581114384053e-003	6.089342e-001
1.191346739384053e-003	6.185508e-001
1.201112364384053e-003	6.188644e-001
1.210877989384053e-003	6.098702e-001
1.220643614384053e-003	5.917034e-001
1.230409239384053e-003	5.646373e-001
1.240174864384053e-003	5.290788e-001
1.249940489384053e-003	4.855629e-001
1.259706114384053e-003	4.347439e-001
1.269471739384053e-003	3.773862e-001
1.279237364384053e-003	3.143526e-001
1.289002989384053e-003	2.465910e-001
1.298768614384053e-003	1.751207e-001
1.308534239384053e-003	1.010165e-001
1.318299864384053e-003	2.539320e-002
1.328065489384053e-003	-5.061192e-002
1.337831114384053e-003	-1.258557e-001
1.347596739384053e-003	-1.992063e-001
1.357362364384053e-003	-2.695605e-001
1.367127989384053e-003	-3.360114e-001
1.375817670109447e-003	-3.910531e-001
1.383831418350977e-003	-4.373537e-001
1.393597043350977e-003	-4.875913e-001
1.403362668350977e-003	-5.307759e-001
1.413128293350977e-003	-5.659778e-001
1.422893918350978e-003	-5.926673e-001
1.432659543350978e-003	-6.104430e-001
1.442425168350978e-003	-6.190375e-001
1.452190793350978e-003	-6.183214e-001
1.461956418350978e-003	-6.083056e-001
1.471722043350978e-003	-5.891407e-001
1.481487668350978e-003	-5.611148e-001
1.491253293350978e-003	-5.246494e-001
1.501018918350978e-003	-4.802931e-001
1.510784543350978e-003	-4.287130e-001
1.520550168350978e-003	-3.706847e-001
1.530315793350978e-003	-3.070813e-001
1.540081418350978e-003	-2.388591e-001
1.549847043350978e-003	-1.670445e-001
1.559612668350978e-003	-9.271751e-002
1.569378293350978e-003	-1.699607e-002
1.579143918350978e-003	5.898090e-002
1.588909543350978e-003	1.340706e-001
1.598675168350978e-003	2.071438e-001
1.608440793350978e-003	2.771012e-001
1.618206418350978e-003	3.428906e-001
1.627972043350978e-003	4.035889e-001
1.637338999168800e-003	4.560587e-001
1.647104624168800e-003	5.039605e-001
1.656870249168800e-003	5.443487e-001
1.666635874168800e-003	5.765494e-001
1.676401499168800e-003	6.000782e-001
1.686167124168800e-003	6.145815e-001
1.695932749168800e-003	6.198408e-001
1.705698374168800e-003	6.157773e-001
1.715463999168800e-003	6.024518e-001
1.725229624168800e-003	5.800650e-001
1.734995249168800e-003	5.489535e-001
1.744760874168800e-003	5.095853e-001
1.754526499168800e-003	4.625524e-001
1.764292124168800e-003	4.085623e-001
1.774057749168801e-003	3.484271e-001
1.783823374168801e-003	2.830513e-001
1.793588999168801e-003	2.134181e-001
1.803354624168801e-003	1.405749e-001
1.813120249168801e-003	6.561738e-002
1.822885874168801e-003	-1.032709e-002
1.832651499168801e-003	-8.611622e-002
1.842417124168801e-003	-1.606101e-001
1.852182749168801e-003	-2.326882e-001
1.861948374168801e-003	-3.012665e-001
1.871713999168801e-003	-3.653441e-001
1.881278067685378e-003	-4.227523e-001
1.891043692685378e-003	-4.750381e-001
1.900809317685378e-003	-5.202097e-001
1.910574942685378e-003	-5.575569e-001
1.920340567685378e-003	-5.865179e-001
1.930106192685378e-003	-6.066573e-001
1.939871817685378e-003	-6.176720e-001
1.949637442685378e-003	-6.193963e-001
1.959403067685378e-003	-6.118044e-001
1.969168692685378e-003	-5.950104e-001
1.978934317685378e-003	-5.692669e-001
1.988699942685377e-003	-5.349612e-001
1.998465567685377e-003	-4.926091e-001
2.008231192685377e-003	-4.428478e-001
2.017996817685377e-003	-3.864256e-001
2.027762442685376e-003	-3.241913e-001
2.037528067685376e-003	-2.570808e-001
2.047293692685376e-003	-1.861036e-001
2.057059317685376e-003	-1.123273e-001
2.066824942685376e-003	-3.686147e-002
2.076590567685375e-003	3.915879e-002
2.086356192685375e-003	1.145901e-001
2.096121817685375e-003	1.882978e-001
2.105887442685375e-003	2.591733e-001
2.115653067685375e-003	3.264223e-001
2.123416138844508e-003	3.763933e-001
2.131911242454700e-003	4.265449e-001
2.141676867454700e-003	4.782210e-001
2.151442492454700e-003	5.229019e-001
2.161208117454700e-003	5.597185e-001
2.170973742454699e-003	5.881171e-001
2.180739367454699e-003	6.076705e-001
2.190504992454699e-003	6.180845e-001
2.200270617454699e-003	6.192024e-001
2.210036242454699e-003	6.110074e-001
2.219801867454698e-003	5.936226e-001
2.229567492454698e-003	5.673096e-001
2.239333117454698e-003	5.324640e-001
2.249098742454698e-003	4.896100e-001
2.258864367454698e-003	4.393920e-001
2.268629992454697e-003	3.825654e-001
2.278395617454697e-003	3.199849e-001
2.288161242454697e-003	2.525917e-001
2.297926867454697e-003	1.813995e-001
2.307692492454697e-003	1.074790e-001
2.317458117454696e-003	3.194214e-002
2.327223742454696e-003	-4.407506e-002
2.336989367454696e-003	-1.194292e-001
2.346754992454696e-003	-1.929869e-001
2.356520617454695e-003	-2.636418e-001
2.366286242454695e-003	-3.305523e-001
2.374447131022910e-003	-3.827852e-001
2.382294506051712e-003	-4.288102e-001
2.392060131051711e-003	-4.801145e-001
2.401825756051711e-003	-5.244987e-001
2.411591381051711e-003	-5.609947e-001
2.421357006051711e-003	-5.890534e-001
2.431122631051710e-003	-6.082528e-001
2.440888256051710e-003	-6.183040e-001
2.450653881051710e-003	-6.190559e-001
2.460419506051710e-003	-6.104969e-001
2.470185131051710e-003	-5.927559e-001
2.479950756051709e-003	-5.660998e-001
2.489716381051709e-003	-5.309291e-001
2.499482006051709e-003	-4.877732e-001
2.509247631051709e-003	-4.372810e-001
2.519013256051709e-003	-3.802118e-001
2.528778881051708e-003	-3.174242e-001
2.538544506051708e-003	-2.498624e-001
2.548310131051708e-003	-1.785426e-001
2.558075756051708e-003	-1.045375e-001
2.567841381051708e-003	-2.896028e-002
2.577607006051707e-003	4.705244e-002
2.587372631051707e-003	1.223573e-001
2.597138256051707e-003	1.958217e-001
2.606903881051707e-003	2.663407e-001
2.616669506051707e-003	3.331599e-001
2.624214227627011e-003	3.814088e-001
2.632207934946892e-003	4.283023e-001
2.641973559946892e-003	4.796906e-001
2.651739184946891e-003	5.241416e-001
2.661504809946891e-003	5.607098e-001
2.671270434946891e-003	5.888452e-001
2.681036059946891e-003	6.081244e-001
2.690801684946891e-003	6.182574e-001
2.700567309946890e-003	6.190917e-001
2.710332934946890e-003	6.106149e-001
2.720098559946890e-003	5.929542e-001
2.729864184946890e-003	5.663753e-001
2.739629809946889e-003	5.312780e-001
2.749395434946889e-003	4.881900e-001
2.759161059946889e-003	4.377595e-001
2.768926684946889e-003	3.807450e-001
2.778692309946889e-003	3.180040e-001
2.788457934946888e-003	2.504801e-001
2.798223559946888e-003	1.791889e-001
2.807989184946888e-003	1.052027e-001
2.817754809946888e-003	2.963436e-002
2.827520434946888e-003	-4.637957e-002
2.837286059946887e-003	-1.216958e-001
2.847051684946887e-003	-1.951814e-001
2.856817309946887e-003	-2.657313e-001
2.866582934946887e-003	-3.324809e-001
2.874930219595508e-003	-3.857619e-001
2.882474063911113e-003	-4.298691e-001
2.892239688911113e-003	-4.809981e-001
2.902005313911112e-003	-5.252429e-001
2.911770938911112e-003	-5.615883e-001
2.921536563911112e-003	-5.894876e-001
2.931302188911112e-003	-6.085209e-001
2.941067813911112e-003	-6.184021e-001
2.950833438911111e-003	-6.189824e-001
2.960599063911111e-003	-6.102530e-001
2.970364688911111e-003	-5.923453e-001
2.980130313911111e-003	-5.655285e-001
2.989895938911111e-003	-5.302060e-001
2.999661563911110e-003	-4.869089e-001
3.009427188911110e-003	-4.362885e-001
3.019192813911110e-003	-3.791063e-001
3.028958438911110e-003	-3.162221e-001
3.038724063911110e-003	-2.485818e-001
3.048489688911109e-003	-1.772028e-001
3.058255313911109e-003	-1.031587e-001
3.068020938911109e-003	-2.756310e-002
3.077786563911109e-003	4.844692e-002
3.087552188911109e-003	1.237281e-001
3.097317813911108e-003	1.971482e-001
3.107083438911108e-003	2.676030e-001
3.116849063911108e-003	3.342072e-001
3.125363533259794e-003	3.883591e-001
3.133091947148979e-003	4.332974e-001
3.142857572148979e-003	4.840173e-001
3.152623197148979e-003	5.277811e-001
3.162388822148979e-003	5.636072e-001
3.172154447148978e-003	5.909567e-001
3.181920072148978e-003	6.094182e-001
3.191685697148978e-003	6.187139e-001
3.201451322148978e-003	6.187041e-001
3.211216947148978e-003	6.093888e-001
3.220982572148977e-003	5.909081e-001
3.230748197148977e-003	5.635399e-001
3.240513822148977e-003	5.276958e-001
3.250279447148977e-003	4.839149e-001
3.260045072148977e-003	4.328558e-001
3.269810697148976e-003	3.752863e-001
3.279576322148976e-003	3.120724e-001
3.289341947148976e-003	2.441648e-001
3.299107572148976e-003	1.725850e-001
3.308873197148976e-003	9.840938e-002
3.318638822148975e-003	2.275376e-002
3.328404447148975e-003	-5.324396e-002
3.338170072148975e-003	-1.284407e-001
3.347935697148975e-003	-2.017055e-001
3.357701322148974e-003	-2.719364e-001
3.367466947148974e-003	-3.380770e-001
3.377232572148974e-003	-3.992742e-001
3.386135154588654e-003	-4.497351e-001
3.395900779588654e-003	-4.984478e-001
3.405666404588654e-003	-5.398052e-001
3.415432029588654e-003	-5.730435e-001
3.425197654588653e-003	-5.976629e-001
3.434963279588653e-003	-6.132930e-001
3.444728904588653e-003	-6.196987e-001
3.454494529588653e-003	-6.167837e-001
3.464260154588653e-003	-6.045917e-001
3.474025779588652e-003	-5.833063e-001
3.483791404588652e-003	-5.532474e-001
3.493557029588652e-003	-5.148673e-001
3.503322654588652e-003	-4.687431e-001
3.513088279588651e-003	-4.155686e-001
3.522853904588651e-003	-3.561437e-001
3.532619529588651e-003	-2.913622e-001
3.542385154588651e-003	-2.221982e-001
3.552150779588651e-003	-1.496923e-001
3.561916404588650e-003	-7.493486e-002
3.571682029588650e-003	9.496110e-004
3.581447654588650e-003	7.681978e-002
3.591213279588650e-003	1.515345e-001
3.600978904588650e-003	2.239699e-001
3.610744529588649e-003	2.930366e-001
3.620510154588649e-003	3.576958e-001
3.630275779588649e-003	4.169748e-001
3.640041404588649e-003	4.699822e-001
3.649807029588649e-003	5.159205e-001
3.659572654588648e-003	5.540990e-001
3.669338279588648e-003	5.839432e-001
3.679103904588648e-003	6.050044e-001
3.688869529588648e-003	6.169658e-001
3.698635154588648e-003	6.196474e-001
3.708400779588647e-003	6.130089e-001
3.718166404588647e-003	5.971501e-001
3.727932029588647e-003	5.723097e-001
3.737697654588647e-003	5.388613e-001
3.747463279588646e-003	4.973078e-001
3.757228904588646e-003	4.482743e-001
3.766994529588646e-003	3.924984e-001
3.776760154588646e-003	3.308190e-001
3.786525779588646e-003	2.641636e-001
3.796291404588645e-003	1.935351e-001
3.806057029588645e-003	1.199956e-001
3.815822654588645e-003	4.465121e-002
3.825588279588645e-003	-3.136475e-002
3.835353904588645e-003	-1.069090e-001
3.845119529588644e-003	-1.808452e-001
3.854885154588644e-003	-2.520613e-001
3.864650779588644e-003	-3.197393e-001
3.872517460113170e-003	-3.707145e-001
3.881577032929994e-003	-4.245567e-001
3.891342657929993e-003	-4.765548e-001
3.901108282929993e-003	-5.214940e-001
3.910873907929993e-003	-5.585902e-001
3.920639532929993e-003	-5.872852e-001
3.930405157929993e-003	-6.071473e-001
3.940170782929992e-003	-6.178778e-001
3.949936407929992e-003	-6.193152e-001
3.959702032929992e-003	-6.114379e-001
3.969467657929992e-003	-5.943644e-001
3.979233282929992e-003	-5.683514e-001
3.988998907929991e-003	-5.337901e-001
3.998764532929991e-003	-4.912003e-001
4.008530157929991e-003	-4.412226e-001
4.018295782929991e-003	-3.846088e-001
4.028061407929990e-003	-3.222103e-001
4.037827032929990e-003	-2.549655e-001
4.047592657929990e-003	-1.838861e-001
4.057358282929990e-003	-1.100409e-001
4.067123907929990e-003	-3.454071e-002
4.076889532929989e-003	4.147886e-002
4.086655157929989e-003	1.168745e-001
4.096420782929989e-003	1.905121e-001
4.106186407929989e-003	2.612841e-001
4.115952032929989e-003	3.283741e-001
4.123902944593896e-003	3.794174e-001
4.132092223000946e-003	4.276150e-001
4.141857848000946e-003	4.791159e-001
4.151623473000946e-003	5.236569e-001
4.161389098000946e-003	5.603223e-001
4.171154723000945e-003	5.885605e-001
4.180920348000945e-003	6.079469e-001
4.190685973000945e-003	6.181896e-001
4.200451598000945e-003	6.191347e-001
4.210217223000945e-003	6.107678e-001
4.219982848000944e-003	5.932148e-001
4.229748473000944e-003	5.667397e-001
4.239514098000944e-003	5.317405e-001
4.249279723000944e-003	4.887438e-001
4.259045348000944e-003	4.383962e-001
4.268810973000943e-003	3.814550e-001
4.278576598000943e-003	3.187765e-001
4.288342223000943e-003	2.513035e-001
4.298107848000943e-003	1.800508e-001
4.307873473000943e-003	1.060902e-001
4.317639098000942e-003	3.053407e-002
4.327404723000942e-003	-4.548123e-002
4.337170348000942e-003	-1.208123e-001
4.346935973000942e-003	-1.943262e-001
4.356701598000941e-003	-2.649171e-001
4.366467223000941e-003	-3.317295e-001
4.374741813259047e-003	-3.846027e-001
4.382404036488164e-003	-4.294567e-001
4.392169661488163e-003	-4.806540e-001
4.401935286488163e-003	-5.249532e-001
4.411700911488163e-003	-5.613573e-001
4.421466536488163e-003	-5.893188e-001
4.431232161488163e-003	-6.084169e-001
4.440997786488162e-003	-6.183643e-001
4.450763411488162e-003	-6.190115e-001
4.460529036488162e-003	-6.103486e-001
4.470294661488162e-003	-5.925059e-001
4.480060286488161e-003	-5.657517e-001
4.489825911488161e-003	-5.304884e-001
4.499591536488161e-003	-4.872463e-001
4.509357161488161e-003	-4.366759e-001
4.519122786488161e-003	-3.795377e-001
4.528888411488160e-003	-3.166911e-001
4.538654036488160e-003	-2.490814e-001
4.548419661488160e-003	-1.777255e-001
4.558185286488160e-003	-1.036965e-001
4.567950911488160e-003	-2.810806e-002
4.577716536488159e-003	4.790306e-002
4.587482161488159e-003	1.231936e-001
4.597247786488159e-003	1.966310e-001
4.607013411488159e-003	2.671108e-001
4.616779036488159e-003	3.337533e-001
4.625249514979568e-003	3.876801e-001
4.632906289608038e-003	4.322728e-001
4.642671914608038e-003	4.831133e-001
4.652437539608038e-003	5.270219e-001
4.662203164608038e-003	5.630043e-001
4.671968789608037e-003	5.905191e-001
4.681734414608037e-003	6.091525e-001
4.691500039608037e-003	6.186242e-001
4.701265664608037e-003	6.187917e-001
4.711031289608036e-003	6.096524e-001
4.720796914608036e-003	5.913437e-001
4.730562539608036e-003	5.641410e-001
4.740328164608036e-003	5.284534e-001
4.750093789608036e-003	4.848177e-001
4.759859414608035e-003	4.338900e-001
4.769625039608035e-003	3.764365e-001
4.779390664608035e-003	3.133213e-001
4.789156289608035e-003	2.454936e-001
4.798921914608035e-003	1.739736e-001
4.808687539608034e-003	9.983707e-002
4.818453164608034e-003	2.419902e-002
4.828218789608034e-003	-5.180288e-002
4.837984414608034e-003	-1.270255e-001
4.847750039608034e-003	-2.003374e-001
4.857515664608033e-003	-2.706360e-001
4.867281289608033e-003	-3.370019e-001
4.876067262168470e-003	-3.925281e-001
4.884237822663196e-003	-4.395672e-001
4.894003447663196e-003	-4.895382e-001
4.903769072663195e-003	-5.324029e-001
4.913534697663195e-003	-5.672603e-001
4.923300322663195e-003	-5.935860e-001
4.933065947663195e-003	-6.109841e-001
4.942831572663195e-003	-6.191928e-001
4.952597197663194e-003	-6.180887e-001
4.962362822663194e-003	-6.076883e-001
4.972128447663194e-003	-5.881479e-001
4.981894072663194e-003	-5.597615e-001
4.991659697663194e-003	-5.229561e-001
5.001425322663193e-003	-4.782851e-001
5.011190947663193e-003	-4.264205e-001
5.020956572663193e-003	-3.681422e-001
5.030722197663193e-003	-3.043270e-001
5.040487822663193e-003	-2.359345e-001
5.050253447663192e-003	-1.639935e-001
5.060019072663192e-003	-8.958600e-002
5.069784697663192e-003	-1.383116e-002
5.079550322663192e-003	6.213162e-002
5.089315947663192e-003	1.371598e-001
5.099081572663191e-003	2.101249e-001
5.108847197663191e-003	2.799294e-001
5.118612822663191e-003	3.455234e-001
5.128378447663191e-003	4.059445e-001
5.138000551316704e-003	4.594882e-001
5.147766176316704e-003	5.069407e-001
5.157531801316704e-003	5.467923e-001
5.167297426316704e-003	5.784196e-001
5.177063051316704e-003	6.013469e-001
5.186828676316703e-003	6.152294e-001
5.196594301316703e-003	6.198583e-001
5.206359926316703e-003	6.151639e-001
5.216125551316703e-003	6.012169e-001
5.225891176316702e-003	5.782270e-001
5.235656801316702e-003	5.465401e-001
5.245422426316702e-003	5.066327e-001
5.255188051316702e-003	4.591051e-001
5.264953676316702e-003	4.046721e-001
5.274719301316701e-003	3.441524e-001
5.284484926316701e-003	2.784564e-001
5.294250551316701e-003	2.085721e-001
5.304016176316701e-003	1.355507e-001
5.313781801316701e-003	6.049053e-002
5.323547426316700e-003	-1.547951e-002
5.333313051316700e-003	-9.121672e-002
5.343078676316700e-003	-1.655820e-001
5.352844301316700e-003	-2.374567e-001
5.362609926316700e-003	-3.057598e-001
5.372375551316699e-003	-3.695587e-001
5.381524242148342e-003	-4.242221e-001
5.391289867148342e-003	-4.762727e-001
5.401055492148341e-003	-5.212544e-001
5.410821117148341e-003	-5.583962e-001
5.420586742148341e-003	-5.871392e-001
5.430352367148341e-003	-6.070514e-001
5.440117992148340e-003	-6.178330e-001
5.449883617148340e-003	-6.193219e-001
5.459649242148340e-003	-6.114959e-001
5.469414867148340e-003	-5.944723e-001
5.479180492148340e-003	-5.685075e-001
5.488946117148339e-003	-5.339919e-001
5.498711742148339e-003	-4.914445e-001
5.508477367148339e-003	-4.415055e-001
5.518242992148339e-003	-3.849259e-001
5.528008617148339e-003	-3.225566e-001
5.537774242148338e-003	-2.553359e-001
5.547539867148338e-003	-1.842747e-001
5.557305492148338e-003	-1.104419e-001
5.567071117148338e-003	-3.494801e-002
5.576836742148338e-003	4.107153e-002
5.586602367148337e-003	1.164733e-001
5.596367992148337e-003	1.901232e-001
5.606133617148337e-003	2.609134e-001
5.615899242148337e-003	3.280314e-001
5.623816985637933e-003	3.788858e-001
5.632060268104976e-003	4.274275e-001
5.641825893104976e-003	4.789593e-001
5.651591518104976e-003	5.235249e-001
5.661357143104976e-003	5.602169e-001
5.671122768104975e-003	5.884834e-001
5.680888393104975e-003	6.078991e-001
5.690654018104975e-003	6.181720e-001
5.700419643104975e-003	6.191475e-001
5.710185268104974e-003	6.108110e-001
5.719950893104974e-003	5.932876e-001
5.729716518104974e-003	5.668410e-001
5.739482143104974e-003	5.318689e-001
5.749247768104974e-003	4.888974e-001
5.759013393104973e-003	4.385726e-001
5.768779018104973e-003	3.816515e-001
5.778544643104973e-003	3.189903e-001
5.788310268104973e-003	2.515313e-001
5.798075893104973e-003	1.802893e-001
5.807841518104972e-003	1.063357e-001
5.817607143104972e-003	3.078291e-002
5.827372768104972e-003	-4.523277e-002
5.837138393104972e-003	-1.205680e-001
5.846904018104972e-003	-1.940896e-001
5.856669643104971e-003	-2.646919e-001
5.866435268104971e-003	-3.315217e-001
5.874689782857328e-003	-3.842820e-001
5.882384697542936e-003	-4.293424e-001
5.892150322542936e-003	-4.805587e-001
5.901915947542935e-003	-5.248730e-001
5.911681572542935e-003	-5.612933e-001
5.921447197542935e-003	-5.892719e-001
5.931212822542935e-003	-6.083879e-001
5.940978447542935e-003	-6.183537e-001
5.950744072542934e-003	-6.190194e-001
5.960509697542934e-003	-6.103749e-001
5.970275322542934e-003	-5.925501e-001
5.980040947542934e-003	-5.658132e-001
5.989806572542934e-003	-5.305663e-001
5.999572197542933e-003	-4.873394e-001
6.009337822542933e-003	-4.367828e-001
6.019103447542933e-003	-3.796568e-001
6.028869072542933e-003	-3.168206e-001
6.038634697542933e-003	-2.492193e-001
6.048400322542932e-003	-1.778698e-001
6.058165947542932e-003	-1.038450e-001
6.067931572542932e-003	-2.825852e-002
6.077697197542932e-003	4.775289e-002
6.087462822542931e-003	1.230459e-001
6.097228447542931e-003	1.964882e-001
6.106994072542931e-003	2.669749e-001
6.116759697542931e-003	3.336280e-001
6.125218027277202e-003	3.874925e-001
6.132855017684282e-003	4.319894e-001
6.142620642684281e-003	4.828632e-001
6.152386267684281e-003	5.268117e-001
6.162151892684281e-003	5.628372e-001
6.171917517684281e-003	5.903977e-001
6.181683142684281e-003	6.090785e-001
6.191448767684280e-003	6.185988e-001
6.201214392684280e-003	6.188153e-001
6.210980017684280e-003	6.097246e-001
6.220745642684280e-003	5.914634e-001
6.230511267684280e-003	5.643065e-001
6.240276892684279e-003	5.286621e-001
6.250042517684279e-003	4.850665e-001
6.259808142684279e-003	4.341752e-001
6.269573767684279e-003	3.767538e-001
6.279339392684278e-003	3.136659e-001
6.289105017684278e-003	2.458603e-001
6.298870642684278e-003	1.743570e-001
6.308636267684278e-003	1.002313e-001
6.318401892684278e-003	2.459813e-002
6.328167517684277e-003	-5.140486e-002
6.337933142684277e-003	-1.266346e-001
6.347698767684277e-003	-1.999594e-001
6.357464392684277e-003	-2.702766e-001
6.367230017684277e-003	-3.366710e-001
6.375983785536968e-003	-3.920355e-001
6.384101900474964e-003	-4.388283e-001
6.393867525474964e-003	-4.888886e-001
6.403633150474964e-003	-5.318604e-001
6.413398775474964e-003	-5.668331e-001
6.423164400474963e-003	-5.932806e-001
6.432930025474963e-003	-6.108050e-001
6.442695650474963e-003	-6.191428e-001
6.452461275474963e-003	-6.181684e-001
6.462226900474963e-003	-6.078966e-001
6.471992525474962e-003	-5.884817e-001
6.481758150474962e-003	-5.602158e-001
6.491523775474962e-003	-5.235240e-001
6.501289400474962e-003	-4.789581e-001
6.511055025474962e-003	-4.271885e-001
6.520820650474961e-003	-3.689937e-001
6.530586275474961e-003	-3.052491e-001
6.540351900474961e-003	-2.369134e-001
6.550117525474961e-003	-1.650144e-001
6.559883150474961e-003	-9.063363e-002
6.569648775474960e-003	-1.488973e-002
6.579414400474960e-003	6.107802e-002
6.589180025474960e-003	1.361270e-001
6.598945650474960e-003	2.091284e-001
6.608711275474959e-003	2.789843e-001
6.618476900474959e-003	3.446439e-001
6.628242525474959e-003	4.051579e-001
6.637779300598446e-003	4.583448e-001
6.647544925598446e-003	5.059479e-001
6.657310550598446e-003	5.459792e-001
6.667076175598446e-003	5.777985e-001
6.676841800598445e-003	6.009272e-001
6.686607425598445e-003	6.150174e-001
6.696373050598445e-003	6.198572e-001
6.706138675598445e-003	6.153738e-001
6.715904300598445e-003	6.016346e-001
6.725669925598444e-003	5.788462e-001
6.735435550598444e-003	5.473515e-001
6.745201175598444e-003	5.076241e-001
6.754966800598444e-003	4.602616e-001
6.764732425598444e-003	4.059763e-001
6.774498050598443e-003	3.455847e-001
6.784263675598443e-003	2.799953e-001
6.794029300598443e-003	2.101944e-001
6.803794925598443e-003	1.372321e-001
6.813560550598443e-003	6.220565e-002
6.823326175598442e-003	-1.375643e-002
6.833091800598442e-003	-8.951159e-002
6.842857425598442e-003	-1.639204e-001
6.852623050598442e-003	-2.358637e-001
6.862388675598441e-003	-3.042594e-001
6.872154300598441e-003	-3.681519e-001
6.881441925210311e-003	-4.237311e-001
6.891207550210310e-003	-4.758604e-001
6.900973175210310e-003	-5.209057e-001
6.910738800210310e-003	-5.581162e-001
6.920504425210310e-003	-5.869322e-001
6.930270050210310e-003	-6.069203e-001
6.940035675210309e-003	-6.177799e-001
6.949801300210309e-003	-6.193475e-001
6.959566925210309e-003	-6.115997e-001
6.969332550210309e-003	-5.946529e-001
6.979098175210309e-003	-5.687621e-001
6.988863800210308e-003	-5.343166e-001
6.998629425210308e-003	-4.918345e-001
7.008395050210308e-003	-4.419548e-001
7.018160675210308e-003	-3.854278e-001
7.027926300210307e-003	-3.231036e-001
7.037691925210307e-003	-2.559197e-001
7.047457550210307e-003	-1.848865e-001
7.057223175210307e-003	-1.110725e-001
7.066988800210307e-003	-3.558789e-002
7.076754425210306e-003	4.043197e-002
7.086520050210306e-003	1.158437e-001
7.096285675210306e-003	1.895130e-001
7.106051300210306e-003	2.603318e-001
7.115816925210306e-003	3.274937e-001
7.123682949033271e-003	3.780533e-001
7.132010438782594e-003	4.271325e-001
7.141776063782594e-003	4.787126e-001
7.151541688782593e-003	5.233168e-001
7.161307313782593e-003	5.600505e-001
7.171072938782593e-003	5.883612e-001
7.180838563782593e-003	6.078230e-001
7.190604188782593e-003	6.181431e-001
7.200369813782592e-003	6.191661e-001
7.210135438782592e-003	6.108769e-001
7.219901063782592e-003	5.933999e-001
7.229666688782592e-003	5.669979e-001
7.239432313782592e-003	5.320681e-001
7.249197938782591e-003	4.891358e-001
7.258963563782591e-003	4.388468e-001
7.268729188782591e-003	3.819572e-001
7.278494813782591e-003	3.193230e-001
7.288260438782591e-003	2.518860e-001
7.298026063782590e-003	1.806606e-001
7.307791688782590e-003	1.067181e-001
7.317557313782590e-003	3.117053e-002
7.327322938782590e-003	-4.484569e-002
7.337088563782590e-003	-1.201873e-001
7.346854188782589e-003	-1.937210e-001
7.356619813782589e-003	-2.643409e-001
7.366385438782589e-003	-3.311977e-001
7.374608648267407e-003	-3.837819e-001
7.382354540821850e-003	-4.291646e-001
7.392120165821850e-003	-4.804103e-001
7.401885790821849e-003	-5.247479e-001
7.411651415821849e-003	-5.611936e-001
7.421417040821849e-003	-5.891989e-001
7.431182665821849e-003	-6.083428e-001
7.440948290821849e-003	-6.183372e-001
7.450713915821848e-003	-6.190317e-001
7.460479540821848e-003	-6.104158e-001
7.470245165821848e-003	-5.926190e-001
7.480010790821848e-003	-5.659091e-001
7.489776415821848e-003	-5.306877e-001
7.499542040821847e-003	-4.874845e-001
7.509307665821847e-003	-4.369494e-001
7.519073290821847e-003	-3.798424e-001
7.528838915821847e-003	-3.170225e-001
7.538604540821847e-003	-2.494344e-001
7.548370165821846e-003	-1.780948e-001
7.558135790821846e-003	-1.040766e-001
7.567901415821846e-003	-2.849317e-002
7.577667040821846e-003	4.751869e-002
7.587432665821845e-003	1.228157e-001
7.597198290821845e-003	1.962654e-001
7.606963915821845e-003	2.667629e-001
7.616729540821845e-003	3.334325e-001
7.625168925941749e-003	3.871997e-001
7.632775065161555e-003	4.315472e-001
7.642540690161554e-003	4.824727e-001
7.652306315161554e-003	5.264835e-001
7.662071940161554e-003	5.625762e-001
7.671837565161554e-003	5.902078e-001
7.681603190161554e-003	6.089627e-001
7.691368815161553e-003	6.185588e-001
7.701134440161553e-003	6.188515e-001
7.710900065161553e-003	6.098367e-001
7.720665690161553e-003	5.916497e-001
7.730431315161553e-003	5.645641e-001
7.740196940161552e-003	5.289872e-001
7.749962565161552e-003	4.854541e-001
7.759728190161552e-003	4.346196e-001
7.769493815161552e-003	3.772483e-001
7.779259440161552e-003	3.142030e-001
7.789025065161551e-003	2.464320e-001
7.798790690161551e-003	1.749546e-001
7.808556315161551e-003	1.008459e-001
7.818321940161551e-003	2.522046e-002
7.828087565161550e-003	-5.078414e-002
7.837853190161550e-003	-1.260248e-001
7.847618815161550e-003	-1.993698e-001
7.857384440161550e-003	-2.697160e-001
7.867150065161550e-003	-3.361546e-001
7.875853612534184e-003	-3.912663e-001
7.883889942821897e-003	-4.376736e-001
7.893655567821897e-003	-4.878728e-001
7.903421192821896e-003	-5.310114e-001
7.913186817821896e-003	-5.661637e-001
7.922952442821896e-003	-5.928008e-001
7.932718067821896e-003	-6.105222e-001
7.942483692821896e-003	-6.190611e-001
7.952249317821895e-003	-6.182891e-001
7.962014942821895e-003	-6.082179e-001
7.971780567821895e-003	-5.889988e-001
7.981546192821895e-003	-5.609210e-001
7.991311817821895e-003	-5.244066e-001
8.001077442821894e-003	-4.800048e-001
8.010843067821894e-003	-4.283836e-001
8.020608692821894e-003	-3.703193e-001
8.030374317821894e-003	-3.066852e-001
8.040139942821893e-003	-2.384385e-001
8.049905567821893e-003	-1.666055e-001
8.059671192821893e-003	-9.226678e-002
8.069436817821893e-003	-1.654040e-002
8.079202442821893e-003	5.943466e-002
8.088968067821892e-003	1.345157e-001
8.098733692821892e-003	2.075733e-001
8.108499317821892e-003	2.775088e-001
8.118264942821892e-003	3.432703e-001
8.128030567821892e-003	4.039287e-001
8.137434269498199e-003	4.565545e-001
8.147199894498199e-003	5.043918e-001
8.156965519498198e-003	5.447029e-001
8.166731144498198e-003	5.768211e-001
8.176496769498198e-003	6.002635e-001
8.186262394498198e-003	6.146774e-001
8.196028019498198e-003	6.198459e-001
8.205793644498197e-003	6.156915e-001
8.215559269498197e-003	6.022765e-001
8.225324894498197e-003	5.798028e-001
8.235090519498197e-003	5.486082e-001
8.244856144498197e-003	5.091622e-001
8.254621769498196e-003	4.620579e-001
8.264387394498196e-003	4.080038e-001
8.274153019498196e-003	3.478130e-001
8.283918644498196e-003	2.823908e-001
8.293684269498195e-003	2.127211e-001
8.303449894498195e-003	1.398520e-001
8.313215519498195e-003	6.487933e-002
8.322981144498195e-003	-1.106915e-002
8.332746769498195e-003	-8.685113e-002
8.342512394498194e-003	-1.613268e-001
8.352278019498194e-003	-2.333759e-001
8.362043644498194e-003	-3.019148e-001
8.371809269498194e-003	-3.659526e-001
8.381313527463566e-003	-4.229642e-001
8.391079152463565e-003	-4.752163e-001
8.400844777463565e-003	-5.203605e-001
8.410610402463565e-003	-5.576781e-001
8.420376027463565e-003	-5.866078e-001
8.430141652463565e-003	-6.067144e-001
8.439907277463564e-003	-6.176955e-001
8.449672902463564e-003	-6.193860e-001
8.459438527463564e-003	-6.117603e-001
8.469204152463564e-003	-5.949333e-001
8.478969777463563e-003	-5.691578e-001
8.488735402463563e-003	-5.348219e-001
8.498501027463563e-003	-4.924417e-001
8.508266652463563e-003	-4.426547e-001
8.518032277463563e-003	-3.862098e-001
8.527797902463562e-003	-3.239560e-001
8.537563527463562e-003	-2.568296e-001
8.547329152463562e-003	-1.858403e-001
8.557094777463562e-003	-1.120558e-001
8.566860402463562e-003	-3.658588e-002
8.576626027463561e-003	3.943432e-002
8.586391652463561e-003	1.148614e-001
8.596157277463561e-003	1.885608e-001
8.605922902463561e-003	2.594241e-001
8.615688527463561e-003	3.266543e-001
8.623473878323181e-003	3.767529e-001
8.631932710075799e-003	4.266722e-001
8.641698335075798e-003	4.783275e-001
8.651463960075798e-003	5.229917e-001
8.661229585075798e-003	5.597904e-001
8.670995210075798e-003	5.881701e-001
8.680760835075798e-003	6.077036e-001
8.690526460075797e-003	6.180973e-001
8.700292085075797e-003	6.191947e-001
8.710057710075797e-003	6.109793e-001
8.719823335075797e-003	5.935745e-001
8.729588960075797e-003	5.672422e-001
8.739354585075796e-003	5.323784e-001
8.749120210075796e-003	4.895074e-001
8.758885835075796e-003	4.392740e-001
8.768651460075796e-003	3.824338e-001
8.778417085075796e-003	3.198417e-001
8.788182710075795e-003	2.524390e-001
8.797948335075795e-003	1.812396e-001
8.807713960075795e-003	1.073144e-001
8.817479585075795e-003	3.177516e-002
8.827245210075795e-003	-4.424185e-002
8.837010835075794e-003	-1.195933e-001
8.846776460075794e-003	-1.931458e-001
8.856542085075794e-003	-2.637932e-001
8.866307710075794e-003	-3.306920e-001
8.874482085945606e-003	-3.830010e-001
8.882307498645986e-003	-4.288870e-001
8.892073123645986e-003	-4.801786e-001
8.901838748645986e-003	-5.245527e-001
8.911604373645986e-003	-5.610378e-001
8.921369998645986e-003	-5.890849e-001
8.931135623645985e-003	-6.082723e-001
8.940901248645985e-003	-6.183112e-001
8.950666873645985e-003	-6.190506e-001
8.960432498645985e-003	-6.104794e-001
8.970198123645985e-003	-5.927263e-001
8.979963748645984e-003	-5.660585e-001
8.989729373645984e-003	-5.308769e-001
8.999494998645984e-003	-4.877107e-001
9.009260623645984e-003	-4.372092e-001
9.019026248645983e-003	-3.801319e-001
9.028791873645983e-003	-3.173373e-001
9.038557498645983e-003	-2.497698e-001
9.048323123645983e-003	-1.784457e-001
9.058088748645983e-003	-1.044378e-001
9.067854373645982e-003	-2.885919e-002
9.077619998645982e-003	4.715335e-002
9.087385623645982e-003	1.224565e-001
9.097151248645982e-003	1.959178e-001
9.106916873645982e-003	2.664321e-001
9.116682498645981e-003	3.332435e-001
9.124240512130932e-003	3.815709e-001
9.132217705188416e-003	4.283600e-001
9.141983330188416e-003	4.797388e-001
9.151748955188416e-003	5.241823e-001
9.161514580188416e-003	5.607424e-001
9.171280205188415e-003	5.888690e-001
9.181045830188415e-003	6.081392e-001
9.190811455188415e-003	6.182629e-001
9.200577080188415e-003	6.190879e-001
9.210342705188414e-003	6.106018e-001
9.220108330188414e-003	5.929320e-001
9.229873955188414e-003	5.663444e-001
9.239639580188414e-003	5.312388e-001
9.249405205188414e-003	4.881431e-001
9.259170830188413e-003	4.377057e-001
9.268936455188413e-003	3.806850e-001
9.278702080188413e-003	3.179386e-001
9.288467705188413e-003	2.504104e-001
9.298233330188413e-003	1.791160e-001
9.307998955188412e-003	1.051277e-001
9.317764580188412e-003	2.955835e-002
9.327530205188412e-003	-4.645545e-002
9.337295830188412e-003	-1.217704e-001
9.347061455188412e-003	-1.952537e-001
9.356827080188411e-003	-2.658001e-001
9.366592705188411e-003	-3.325443e-001
9.374946127772966e-003	-3.858597e-001
9.382479976688916e-003	-4.299040e-001
9.392245601688916e-003	-4.810272e-001
9.402011226688916e-003	-5.252674e-001
9.411776851688916e-003	-5.616078e-001
9.421542476688916e-003	-5.895018e-001
9.431308101688915e-003	-6.085297e-001
9.441073726688915e-003	-6.184053e-001
9.450839351688915e-003	-6.189799e-001
9.460604976688915e-003	-6.102449e-001
9.470370601688915e-003	-5.923318e-001
9.480136226688914e-003	-5.655097e-001
9.489901851688914e-003	-5.301821e-001
9.499667476688914e-003	-4.868804e-001
9.509433101688914e-003	-4.362558e-001
9.519198726688914e-003	-3.790698e-001
9.528964351688913e-003	-3.161824e-001
9.538729976688913e-003	-2.485396e-001
9.548495601688913e-003	-1.771587e-001
9.558261226688913e-003	-1.031133e-001
9.568026851688912e-003	-2.751709e-002
9.577792476688912e-003	4.849283e-002
9.587558101688912e-003	1.237733e-001
9.597323726688912e-003	1.971919e-001
9.607089351688912e-003	2.676445e-001
9.616854976688911e-003	3.342454e-001
9.625373160377898e-003	3.884163e-001
9.633107623098982e-003	4.333838e-001
9.642873248098982e-003	4.840935e-001
9.652638873098982e-003	5.278450e-001
9.662404498098982e-003	5.636579e-001
9.672170123098981e-003	5.909935e-001
9.681935748098981e-003	6.094404e-001
9.691701373098981e-003	6.187214e-001
9.701466998098981e-003	6.186965e-001
9.711232623098981e-003	6.093664e-001
9.720998248098980e-003	5.908711e-001
9.730763873098980e-003	5.634890e-001
9.740529498098980e-003	5.276316e-001
9.750295123098980e-003	4.838386e-001
9.760060748098980e-003	4.327683e-001
9.769826373098979e-003	3.751891e-001
9.779591998098979e-003	3.119669e-001
9.789357623098979e-003	2.440526e-001
9.799123248098979e-003	1.724677e-001
9.808888873098979e-003	9.828880e-002
9.818654498098978e-003	2.263173e-002
9.828420123098978e-003	-5.336563e-002
9.838185748098978e-003	-1.285602e-001
9.847951373098978e-003	-2.018210e-001
9.857716998098978e-003	-2.720461e-001
9.867482623098977e-003	-3.381793e-001
9.877248248098977e-003	-3.993660e-001
9.886160676125234e-003	-4.498703e-001
9.895926301125234e-003	-4.985659e-001
9.905691926125233e-003	-5.399028e-001
9.915457551125233e-003	-5.731192e-001
9.925223176125233e-003	-5.977155e-001
9.934988801125233e-003	-6.133218e-001
9.944754426125232e-003	-6.197032e-001
9.954520051125232e-003	-6.167638e-001
9.964285676125232e-003	-6.045478e-001
9.974051301125232e-003	-5.832389e-001
9.983816926125232e-003	-5.531577e-001
9.993582551125231e-003	-5.154040e-001
1.000000000000000e-002	-4.870759e-001
